Test: #1, time: 31 ms., memory: 4 KB, exit code: 0, checker exit code: 0, verdict: OK
Input
3
0 0 0
Output
3 2 1
Answer
3 2 1
Checker Log
ok 3 number(s): "3 2 1"
Test: #2, time: 15 ms., memory: 0 KB, exit code: 0, checker exit code: 0, verdict: OK
Input
2
0 1
Output
1 2
Answer
1 2
Checker Log
ok 2 number(s): "1 2"
Test: #3, time: 15 ms., memory: 4 KB, exit code: 0, checker exit code: 0, verdict: OK
Input
5
0 1 1 1 10
Output
1 4 3 2 5
Answer
1 4 3 2 5
Checker Log
ok 5 number(s): "1 4 3 2 5"
Test: #4, time: 15 ms., memory: 4 KB, exit code: 0, checker exit code: 0, verdict: OK
Input
1
0
Output
1
Answer
1
Checker Log
ok 1 number(s): "1"
Test: #5, time: 15 ms., memory: 0 KB, exit code: 0, checker exit code: 0, verdict: OK
Input
15
0 0 3 3 13 3 6 34 47 12 20 6 6 21 55
Output
2 1 15 10 12 3 6 13 14 8 9 5 4 7 11
Answer
2 1 15 10 12 3 6 13 14 8 9 5 4 7 11
Checker Log
ok 15 numbers
Test: #6, time: 31 ms., memory: 0 KB, exit code: 0, checker exit code: 0, verdict: OK
Input
20
0 1 7 15 30 15 59 42 1 4 1 36 116 36 16 136 10 36 46 36
Output
1 6 8 15 17 12 18 16 3 4 2 14 20 13 7 19 5 10 11 9
Answer
1 6 8 15 17 12 18 16 3 4 2 14 20 13 7 19 5 10 11 9
Checker Log
ok 20 numbers
Test: #7, time: 0 ms., memory: 0 KB, exit code: 0, checker exit code: 0, verdict: OK
Input
100
0 0 57 121 57 0 19 251 19 301 19 160 57 578 664 57 19 50 0 621 91 5 263 34 5 96 713 649 22 22 22 5 108 198 1412 1147 84 1326 1777 0 1780 132 2000 479 1314 525 68 690 1689 1431 1288 54 1514 1593 1037 1655 807 465 1674 1747 1982 423 837 139 1249 1997 1635 1309 661 334 3307 2691 21 3 533 1697 250 3920 0 343 96 242 2359 3877 3877 150 1226 96 358 829 228 2618 27 2854 119 1883 710 0 4248 435
Output
94 57 64 90 58 19 53 71 50 67 38 56 45 86 89 42 31 36 5 68 37 10 49 24 7 32 65 59 14 12 11 6 27 34 91 72 21 87 98 3 97 25 100 46 85 48 18 51 88 83 70 13 79 82 62 80 55 43 73 76 81 40 52 22 60 77 69 61 47 35 92 84 9 4 41 66 28 99 2 33 17 26 74 96 95 20 54 15 29 44 23 75 8 78 16 63 39 1 93 30
Answer
94 57 64 90 58 19 53 71 50 67 38 56 45 86 89 42 31 36 5 68 37 10 49 24 7 32 65 59 14 12 11 6 27 34 91 72 21 87 98 3 97 25 100 46 85 48 18 51 88 83 70 13 79 82 62 80 55 43 73 76 81 40 52 22 60 77 69 61 47 35 92 84 9 4 41 66 28 99 2 33 17 26 74 96 95 20 54 15 29 44 23 75 8 78 16 63 39 1 93 30
Checker Log
ok 100 numbers
Test: #8, time: 30 ms., memory: 28 KB, exit code: 0, checker exit code: 0, verdict: OK
Input
1000
0 0 1 1 3 3 6 6 10 10 15 15 21 21 28 28 36 36 45 45 55 55 66 66 78 78 91 91 105 105 120 120 136 136 153 153 171 171 190 190 210 210 231 231 253 253 276 276 300 300 325 325 351 351 378 378 406 406 435 435 465 465 496 496 528 528 561 561 595 595 630 630 666 666 703 703 741 741 780 780 820 820 861 861 903 903 946 946 990 990 1035 1035 1081 1081 1128 1128 1176 1176 1225 1225 1275 1275 1326 1326 1378 1378 1431 1431 1485 1485 1540 1540 1596 1596 1653 1653 1711 1711 1770 1770 1830 1830 1891 1891 1953 1953 2...
Output
1000 1 999 2 998 3 997 4 996 5 995 6 994 7 993 8 992 9 991 10 990 11 989 12 988 13 987 14 986 15 985 16 984 17 983 18 982 19 981 20 980 21 979 22 978 23 977 24 976 25 975 26 974 27 973 28 972 29 971 30 970 31 969 32 968 33 967 34 966 35 965 36 964 37 963 38 962 39 961 40 960 41 959 42 958 43 957 44 956 45 955 46 954 47 953 48 952 49 951 50 950 51 949 52 948 53 947 54 946 55 945 56 944 57 943 58 942 59 941 60 940 61 939 62 938 63 937 64 936 65 935 66 934 67 933 68 932 69 931 70 930 71 929 72 928 73 927 74 9...
Answer
1000 1 999 2 998 3 997 4 996 5 995 6 994 7 993 8 992 9 991 10 990 11 989 12 988 13 987 14 986 15 985 16 984 17 983 18 982 19 981 20 980 21 979 22 978 23 977 24 976 25 975 26 974 27 973 28 972 29 971 30 970 31 969 32 968 33 967 34 966 35 965 36 964 37 963 38 962 39 961 40 960 41 959 42 958 43 957 44 956 45 955 46 954 47 953 48 952 49 951 50 950 51 949 52 948 53 947 54 946 55 945 56 944 57 943 58 942 59 941 60 940 61 939 62 938 63 937 64 936 65 935 66 934 67 933 68 932 69 931 70 930 71 929 72 928 73 927 74 9...
Checker Log
ok 1000 numbers
Test: #9, time: 155 ms., memory: 3912 KB, exit code: 0, checker exit code: 0, verdict: OK
Input
200000
0 1 3 6 10 15 21 28 36 45 55 66 78 91 105 120 136 153 171 190 210 231 253 276 300 325 351 378 406 435 465 496 528 561 595 630 666 703 741 780 820 861 903 946 990 1035 1081 1128 1176 1225 1275 1326 1378 1431 1485 1540 1596 1653 1711 1770 1830 1891 1953 2016 2080 2145 2211 2278 2346 2415 2485 2556 2628 2701 2775 2850 2926 3003 3081 3160 3240 3321 3403 3486 3570 3655 3741 3828 3916 4005 4095 4186 4278 4371 4465 4560 4656 4753 4851 4950 5050 5151 5253 5356 5460 5565 5671 5778 5886 5995 6105 6216 6328 6...
Output
1 2 3 4 5 6 7 8 9 10 11 12 13 14 15 16 17 18 19 20 21 22 23 24 25 26 27 28 29 30 31 32 33 34 35 36 37 38 39 40 41 42 43 44 45 46 47 48 49 50 51 52 53 54 55 56 57 58 59 60 61 62 63 64 65 66 67 68 69 70 71 72 73 74 75 76 77 78 79 80 81 82 83 84 85 86 87 88 89 90 91 92 93 94 95 96 97 98 99 100 101 102 103 104 105 106 107 108 109 110 111 112 113 114 115 116 117 118 119 120 121 122 123 124 125 126 127 128 129 130 131 132 133 134 135 136 137 138 139 140 141 142 143 144 145 146 147 148 149 150 151 152 153 154 155...
Answer
1 2 3 4 5 6 7 8 9 10 11 12 13 14 15 16 17 18 19 20 21 22 23 24 25 26 27 28 29 30 31 32 33 34 35 36 37 38 39 40 41 42 43 44 45 46 47 48 49 50 51 52 53 54 55 56 57 58 59 60 61 62 63 64 65 66 67 68 69 70 71 72 73 74 75 76 77 78 79 80 81 82 83 84 85 86 87 88 89 90 91 92 93 94 95 96 97 98 99 100 101 102 103 104 105 106 107 108 109 110 111 112 113 114 115 116 117 118 119 120 121 122 123 124 125 126 127 128 129 130 131 132 133 134 135 136 137 138 139 140 141 142 143 144 145 146 147 148 149 150 151 152 153 154 155...
Checker Log
ok 200000 numbers
Test: #10, time: 233 ms., memory: 3912 KB, exit code: 0, checker exit code: 0, verdict: OK
Input
200000
0 146417 0 0 372085 524561 0 117237 220749 0 677129 144892 1399653 332164 63796 380398 1683517 112030 349314 112030 0 1305599 90972 921654 479260 2019641 183986 1477995 0 831311 1734559 2633294 831311 4400 3257397 4400 557657 737194 0 86029 593991 1617799 429135 1958418 1041699 14427 0 4601506 1690398 1806756 4272645 3611258 686853 1040559 312317 4492821 5009555 2542830 825840 261220 2296737 1231698 2386826 3012756 546017 362107 5701180 3141918 132065 6578540 502431 6450442 99629 44798 1589035 3109...
Output
146417 171675 144572 81096 152476 167533 36141 103512 137736 27655 147080 83760 192094 122383 48234 113247 190056 72428 103252 57990 27176 146770 44780 133146 89790 160043 51097 145184 4400 106980 145949 162136 105988 16771 182563 6129 89747 100235 3898 32436 88674 128211 79262 135084 102120 10821 2779 195895 116358 119494 176533 159011 85495 93853 53492 168526 177025 135079 87857 49790 121115 90089 121075 133991 75987 53175 173596 133986 33657 185420 54465 179091 30973 18991 91123 124431 107775 138436 142...
Answer
146417 171675 144572 81096 152476 167533 36141 103512 137736 27655 147080 83760 192094 122383 48234 113247 190056 72428 103252 57990 27176 146770 44780 133146 89790 160043 51097 145184 4400 106980 145949 162136 105988 16771 182563 6129 89747 100235 3898 32436 88674 128211 79262 135084 102120 10821 2779 195895 116358 119494 176533 159011 85495 93853 53492 168526 177025 135079 87857 49790 121115 90089 121075 133991 75987 53175 173596 133986 33657 185420 54465 179091 30973 18991 91123 124431 107775 138436 142...
Checker Log
ok 200000 numbers
Test: #11, time: 140 ms., memory: 3916 KB, exit code: 0, checker exit code: 0, verdict: OK
Input
200000
0 0 0 0 0 0 0 0 0 0 0 0 0 0 0 0 0 0 0 0 0 0 0 0 0 0 0 0 0 0 0 0 0 0 0 0 0 0 0 0 0 0 0 0 0 0 0 0 0 0 0 0 0 0 0 0 0 0 0 0 0 0 0 0 0 0 0 0 0 0 0 0 0 0 0 0 0 0 0 0 0 0 0 0 0 0 0 0 0 0 0 0 0 0 0 0 0 0 0 0 0 0 0 0 0 0 0 0 0 0 0 0 0 0 0 0 0 0 0 0 0 0 0 0 0 0 0 0 0 0 0 0 0 0 0 0 0 0 0 0 0 0 0 0 0 0 0 0 0 0 0 0 0 0 0 0 0 0 0 0 0 0 0 0 0 0 0 0 0 0 0 0 0 0 0 0 0 0 0 0 0 0 0 0 0 0 0 0 0 0 0 0 0 0 0 0 0 0 0 0 0 0 0 0 0 0 0 0 0 0 0 0 0 0 0 0 0 0 0 0 0 0 0 0 0 0 0 0 0 0 0 0 0 0 0 0 0 0 0 0 0 0 0 0 0 0 0 0 0 0 0 0...
Output
200000 199999 199998 199997 199996 199995 199994 199993 199992 199991 199990 199989 199988 199987 199986 199985 199984 199983 199982 199981 199980 199979 199978 199977 199976 199975 199974 199973 199972 199971 199970 199969 199968 199967 199966 199965 199964 199963 199962 199961 199960 199959 199958 199957 199956 199955 199954 199953 199952 199951 199950 199949 199948 199947 199946 199945 199944 199943 199942 199941 199940 199939 199938 199937 199936 199935 199934 199933 199932 199931 199930 199929 199928 ...
Answer
200000 199999 199998 199997 199996 199995 199994 199993 199992 199991 199990 199989 199988 199987 199986 199985 199984 199983 199982 199981 199980 199979 199978 199977 199976 199975 199974 199973 199972 199971 199970 199969 199968 199967 199966 199965 199964 199963 199962 199961 199960 199959 199958 199957 199956 199955 199954 199953 199952 199951 199950 199949 199948 199947 199946 199945 199944 199943 199942 199941 199940 199939 199938 199937 199936 199935 199934 199933 199932 199931 199930 199929 199928 ...
Checker Log
ok 200000 numbers
Test: #12, time: 155 ms., memory: 3920 KB, exit code: 0, checker exit code: 0, verdict: OK
Input
200000
0 1 3 6 10 15 21 28 36 45 45 45 45 45 45 45 136 153 171 171 171 171 253 276 300 325 351 378 378 378 378 378 378 378 378 378 378 378 741 780 820 861 903 946 990 1035 1081 1128 1176 1225 1275 1326 1378 1431 1485 1540 1596 1653 1653 1653 1830 1891 1953 2016 2016 2145 2211 2211 2211 2211 2211 2211 2211 2211 2211 2850 2926 3003 3003 3003 3003 3321 3403 3486 3570 3655 3741 3741 3916 4005 4095 4186 4278 4371 4465 4560 4560 4753 4851 4950 5050 5151 5253 5356 5460 5565 5671 5778 5886 5886 6105 6216 6328 644...
Output
1 2 3 4 5 6 7 8 9 16 15 14 13 12 11 10 17 18 22 21 20 19 23 24 25 26 27 38 37 36 35 34 33 32 31 30 29 28 39 40 41 42 43 44 45 46 47 48 49 50 51 52 53 54 55 56 57 60 59 58 61 62 63 65 64 66 75 74 73 72 71 70 69 68 67 76 77 81 80 79 78 82 83 84 85 86 88 87 89 90 91 92 93 94 95 97 96 98 99 100 101 102 103 104 105 106 107 108 110 109 111 112 113 114 115 119 118 117 116 120 121 124 123 122 125 126 129 128 127 130 131 132 133 139 138 137 136 135 134 140 143 142 141 144 147 146 145 148 150 149 151 152 155 154 153...
Answer
1 2 3 4 5 6 7 8 9 16 15 14 13 12 11 10 17 18 22 21 20 19 23 24 25 26 27 38 37 36 35 34 33 32 31 30 29 28 39 40 41 42 43 44 45 46 47 48 49 50 51 52 53 54 55 56 57 60 59 58 61 62 63 65 64 66 75 74 73 72 71 70 69 68 67 76 77 81 80 79 78 82 83 84 85 86 88 87 89 90 91 92 93 94 95 97 96 98 99 100 101 102 103 104 105 106 107 108 110 109 111 112 113 114 115 119 118 117 116 120 121 124 123 122 125 126 129 128 127 130 131 132 133 139 138 137 136 135 134 140 143 142 141 144 147 146 145 148 150 149 151 152 155 154 153...
Checker Log
ok 200000 numbers
Test: #13, time: 155 ms., memory: 3912 KB, exit code: 0, checker exit code: 0, verdict: OK
Input
200000
0 0 1 1 3 3 6 6 10 10 15 15 21 21 28 28 36 36 45 45 55 55 66 66 78 78 91 91 105 105 120 120 136 136 153 153 171 171 190 190 210 210 231 231 253 253 276 276 300 300 325 325 351 351 378 378 406 406 435 435 465 465 496 496 528 528 561 561 595 595 630 630 666 666 703 703 741 741 780 780 820 820 861 861 903 903 946 946 990 990 1035 1035 1081 1081 1128 1128 1176 1176 1225 1225 1275 1275 1326 1326 1378 1378 1431 1431 1485 1485 1540 1540 1596 1596 1653 1653 1711 1711 1770 1770 1830 1830 1891 1891 1953 1953...
Output
200000 1 199999 2 199998 3 199997 4 199996 5 199995 6 199994 7 199993 8 199992 9 199991 10 199990 11 199989 12 199988 13 199987 14 199986 15 199985 16 199984 17 199983 18 199982 19 199981 20 199980 21 199979 22 199978 23 199977 24 199976 25 199975 26 199974 27 199973 28 199972 29 199971 30 199970 31 199969 32 199968 33 199967 34 199966 35 199965 36 199964 37 199963 38 199962 39 199961 40 199960 41 199959 42 199958 43 199957 44 199956 45 199955 46 199954 47 199953 48 199952 49 199951 50 199950 51 199949 52 ...
Answer
200000 1 199999 2 199998 3 199997 4 199996 5 199995 6 199994 7 199993 8 199992 9 199991 10 199990 11 199989 12 199988 13 199987 14 199986 15 199985 16 199984 17 199983 18 199982 19 199981 20 199980 21 199979 22 199978 23 199977 24 199976 25 199975 26 199974 27 199973 28 199972 29 199971 30 199970 31 199969 32 199968 33 199967 34 199966 35 199965 36 199964 37 199963 38 199962 39 199961 40 199960 41 199959 42 199958 43 199957 44 199956 45 199955 46 199954 47 199953 48 199952 49 199951 50 199950 51 199949 52 ...
Checker Log
ok 200000 numbers
Test: #14, time: 140 ms., memory: 3920 KB, exit code: 0, checker exit code: 0, verdict: OK
Input
200000
0 1 3 6 10 15 21 28 36 45 55 66 78 91 105 120 136 153 171 190 210 231 253 276 300 325 351 378 406 435 465 496 528 561 595 630 666 703 741 780 820 861 903 946 990 1035 1081 1128 1176 1225 1275 1326 1378 1431 1485 1540 1596 1653 1711 1770 1830 1891 1953 2016 2080 2145 2211 2278 2346 2415 2485 2556 2628 2701 2775 2850 2926 3003 3081 3160 3240 3321 3403 3486 3570 3655 3741 3828 3916 4005 4095 4186 4278 4371 4465 4560 4656 4753 4851 4950 5050 5151 5253 5356 5460 5565 5671 5778 5886 5995 6105 6216 6328 6...
Output
1 2 3 4 5 6 7 8 9 10 11 12 13 14 15 16 17 18 19 20 21 22 23 24 25 26 27 28 29 30 31 32 33 34 35 36 37 38 39 40 41 42 43 44 45 46 47 48 49 50 51 52 53 54 55 56 57 58 59 60 61 62 63 64 65 66 67 68 69 70 71 72 73 74 75 76 77 78 79 80 81 82 83 84 85 86 87 88 89 90 91 92 93 94 95 96 97 98 99 100 101 102 103 104 105 106 107 108 109 110 111 112 113 114 115 116 117 118 119 120 121 122 123 124 125 126 127 128 129 130 131 132 133 134 135 136 137 138 139 140 141 142 143 144 145 146 147 148 149 150 151 152 153 154 155...
Answer
1 2 3 4 5 6 7 8 9 10 11 12 13 14 15 16 17 18 19 20 21 22 23 24 25 26 27 28 29 30 31 32 33 34 35 36 37 38 39 40 41 42 43 44 45 46 47 48 49 50 51 52 53 54 55 56 57 58 59 60 61 62 63 64 65 66 67 68 69 70 71 72 73 74 75 76 77 78 79 80 81 82 83 84 85 86 87 88 89 90 91 92 93 94 95 96 97 98 99 100 101 102 103 104 105 106 107 108 109 110 111 112 113 114 115 116 117 118 119 120 121 122 123 124 125 126 127 128 129 130 131 132 133 134 135 136 137 138 139 140 141 142 143 144 145 146 147 148 149 150 151 152 153 154 155...
Checker Log
ok 200000 numbers
Test: #15, time: 15 ms., memory: 68 KB, exit code: 0, checker exit code: 0, verdict: OK
Input
2999
0 1 3 6 10 15 21 28 36 45 55 66 78 91 105 120 136 153 171 190 210 231 253 276 300 325 351 378 406 435 465 496 528 561 595 630 666 703 741 780 820 861 903 946 990 1035 1081 1128 1176 1225 1275 1326 1378 1431 1485 1540 1596 1653 1711 1770 1830 1891 1953 2016 2080 2145 2211 2278 2346 2415 2485 2556 2628 2701 2775 2850 2926 3003 3081 3160 3240 3321 3403 3486 3570 3655 3741 3828 3916 4005 4095 4186 4278 4371 4465 4560 4656 4753 4851 4950 5050 5151 5253 5356 5460 5565 5671 5778 5886 5995 6105 6216 6328 644...
Output
1 2 3 4 5 6 7 8 9 10 11 12 13 14 15 16 17 18 19 20 21 22 23 24 25 26 27 28 29 30 31 32 33 34 35 36 37 38 39 40 41 42 43 44 45 46 47 48 49 50 51 52 53 54 55 56 57 58 59 60 61 62 63 64 65 66 67 68 69 70 71 72 73 74 75 76 77 78 79 80 81 82 83 84 85 86 87 88 89 90 91 92 93 94 95 96 97 98 99 100 101 102 103 104 105 106 107 108 109 110 111 112 113 114 115 116 117 118 119 120 121 122 123 124 125 126 127 128 129 130 131 132 133 134 135 136 137 138 139 140 141 142 143 144 145 146 147 148 149 150 151 152 153 154 155...
Answer
1 2 3 4 5 6 7 8 9 10 11 12 13 14 15 16 17 18 19 20 21 22 23 24 25 26 27 28 29 30 31 32 33 34 35 36 37 38 39 40 41 42 43 44 45 46 47 48 49 50 51 52 53 54 55 56 57 58 59 60 61 62 63 64 65 66 67 68 69 70 71 72 73 74 75 76 77 78 79 80 81 82 83 84 85 86 87 88 89 90 91 92 93 94 95 96 97 98 99 100 101 102 103 104 105 106 107 108 109 110 111 112 113 114 115 116 117 118 119 120 121 122 123 124 125 126 127 128 129 130 131 132 133 134 135 136 137 138 139 140 141 142 143 144 145 146 147 148 149 150 151 152 153 154 155...
Checker Log
ok 2999 numbers
Test: #16, time: 15 ms., memory: 20 KB, exit code: 0, checker exit code: 0, verdict: OK
Input
871
0 0 370 1578 0 1177 1679 0 884 2804 3367 0 51 2436 6245 0 4780 3529 218 218 1078 100 174 565 8626 5734 1130 0 0 9467 211 2929 1800 5739 2138 12860 10418 8322 287 608 6863 9684 13138 10290 10943 5778 9632 1470 15778 17321 374 12345 11692 15698 4582 17575 12147 466 20575 2439 1106 949 949 5471 16072 4644 2129 1743 14250 21591 27692 26114 9703 15397 137 7196 27819 1456 14887 10946 343 21891 20542 9429 343 5790 9889 3355 688 785 3801 7723 21259 28626 6516 24882 20999 20375 24797 3317 4942 4620 44821 137 2...
Output
718 370 490 796 317 502 537 197 391 563 688 51 118 507 851 49 690 559 189 157 368 74 116 179 824 564 240 32 5 822 76 436 338 548 349 837 752 579 87 140 556 606 778 653 677 527 572 211 765 782 92 662 636 704 455 741 633 109 766 322 164 153 141 452 672 371 207 184 608 721 804 780 539 624 56 486 779 162 604 543 86 686 665 523 80 380 519 244 97 105 280 440 634 710 373 671 626 616 656 222 337 319 843 53 619 648 729 777 253 214 468 422 360 589 466 348 260 147 832 112 531 73 505 472 488 340 190 277 620 268 470 32...
Answer
718 370 490 796 317 502 537 197 391 563 688 51 118 507 851 49 690 559 189 157 368 74 116 179 824 564 240 32 5 822 76 436 338 548 349 837 752 579 87 140 556 606 778 653 677 527 572 211 765 782 92 662 636 704 455 741 633 109 766 322 164 153 141 452 672 371 207 184 608 721 804 780 539 624 56 486 779 162 604 543 86 686 665 523 80 380 519 244 97 105 280 440 634 710 373 671 626 616 656 222 337 319 843 53 619 648 729 777 253 214 468 422 360 589 466 348 260 147 832 112 531 73 505 472 488 340 190 277 620 268 470 32...
Checker Log
ok 871 numbers
Test: #17, time: 0 ms., memory: 32 KB, exit code: 0, checker exit code: 0, verdict: OK
Input
1423
0 0 0 0 0 0 0 0 0 0 0 0 0 0 0 0 0 0 0 0 0 0 0 0 0 0 0 0 0 0 0 0 0 0 0 0 0 0 0 0 0 0 0 0 0 0 0 0 0 0 0 0 0 0 0 0 0 0 0 0 0 0 0 0 0 0 0 0 0 0 0 0 0 0 0 0 0 0 0 0 0 0 0 0 0 0 0 0 0 0 0 0 0 0 0 0 0 0 0 0 0 0 0 0 0 0 0 0 0 0 0 0 0 0 0 0 0 0 0 0 0 0 0 0 0 0 0 0 0 0 0 0 0 0 0 0 0 0 0 0 0 0 0 0 0 0 0 0 0 0 0 0 0 0 0 0 0 0 0 0 0 0 0 0 0 0 0 0 0 0 0 0 0 0 0 0 0 0 0 0 0 0 0 0 0 0 0 0 0 0 0 0 0 0 0 0 0 0 0 0 0 0 0 0 0 0 0 0 0 0 0 0 0 0 0 0 0 0 0 0 0 0 0 0 0 0 0 0 0 0 0 0 0 0 0 0 0 0 0 0 0 0 0 0 0 0 0 0 0 0 0 0 0...
Output
1423 1422 1421 1420 1419 1418 1417 1416 1415 1414 1413 1412 1411 1410 1409 1408 1407 1406 1405 1404 1403 1402 1401 1400 1399 1398 1397 1396 1395 1394 1393 1392 1391 1390 1389 1388 1387 1386 1385 1384 1383 1382 1381 1380 1379 1378 1377 1376 1375 1374 1373 1372 1371 1370 1369 1368 1367 1366 1365 1364 1363 1362 1361 1360 1359 1358 1357 1356 1355 1354 1353 1352 1351 1350 1349 1348 1347 1346 1345 1344 1343 1342 1341 1340 1339 1338 1337 1336 1335 1334 1333 1332 1331 1330 1329 1328 1327 1326 1325 1324 1323 1322 1...
Answer
1423 1422 1421 1420 1419 1418 1417 1416 1415 1414 1413 1412 1411 1410 1409 1408 1407 1406 1405 1404 1403 1402 1401 1400 1399 1398 1397 1396 1395 1394 1393 1392 1391 1390 1389 1388 1387 1386 1385 1384 1383 1382 1381 1380 1379 1378 1377 1376 1375 1374 1373 1372 1371 1370 1369 1368 1367 1366 1365 1364 1363 1362 1361 1360 1359 1358 1357 1356 1355 1354 1353 1352 1351 1350 1349 1348 1347 1346 1345 1344 1343 1342 1341 1340 1339 1338 1337 1336 1335 1334 1333 1332 1331 1330 1329 1328 1327 1326 1325 1324 1323 1322 1...
Checker Log
ok 1423 numbers
Test: #18, time: 30 ms., memory: 72 KB, exit code: 0, checker exit code: 0, verdict: OK
Input
2847
0 1 1 1 1 1 21 28 36 45 55 66 66 91 105 120 120 120 120 190 210 231 253 276 300 325 351 378 406 435 465 496 528 561 595 630 630 703 741 780 780 861 903 946 990 1035 1081 1128 1176 1176 1176 1326 1378 1378 1378 1540 1596 1653 1711 1770 1770 1770 1953 2016 2080 2145 2211 2278 2346 2415 2485 2556 2628 2701 2701 2850 2926 3003 3081 3160 3240 3321 3321 3321 3321 3321 3321 3828 3916 4005 4005 4005 4005 4005 4005 4560 4656 4753 4851 4851 5050 5151 5253 5253 5460 5565 5671 5778 5886 5995 5995 6216 6328 6441 ...
Output
1 6 5 4 3 2 7 8 9 10 11 13 12 14 15 19 18 17 16 20 21 22 23 24 25 26 27 28 29 30 31 32 33 34 35 37 36 38 39 41 40 42 43 44 45 46 47 48 51 50 49 52 55 54 53 56 57 58 59 62 61 60 63 64 65 66 67 68 69 70 71 72 73 75 74 76 77 78 79 80 81 87 86 85 84 83 82 88 89 95 94 93 92 91 90 96 97 98 100 99 101 102 104 103 105 106 107 108 109 111 110 112 113 114 118 117 116 115 119 120 121 122 123 124 125 126 127 128 130 129 131 132 133 134 135 136 138 137 139 142 141 140 143 145 144 146 147 148 149 150 151 154 153 152 155...
Answer
1 6 5 4 3 2 7 8 9 10 11 13 12 14 15 19 18 17 16 20 21 22 23 24 25 26 27 28 29 30 31 32 33 34 35 37 36 38 39 41 40 42 43 44 45 46 47 48 51 50 49 52 55 54 53 56 57 58 59 62 61 60 63 64 65 66 67 68 69 70 71 72 73 75 74 76 77 78 79 80 81 87 86 85 84 83 82 88 89 95 94 93 92 91 90 96 97 98 100 99 101 102 104 103 105 106 107 108 109 111 110 112 113 114 118 117 116 115 119 120 121 122 123 124 125 126 127 128 130 129 131 132 133 134 135 136 138 137 139 142 141 140 143 145 144 146 147 148 149 150 151 154 153 152 155...
Checker Log
ok 2847 numbers
Test: #19, time: 15 ms., memory: 48 KB, exit code: 0, checker exit code: 0, verdict: OK
Input
1975
0 0 1 1 3 3 6 6 10 10 15 15 21 21 28 28 36 36 45 45 55 55 66 66 78 78 91 91 105 105 120 120 136 136 153 153 171 171 190 190 210 210 231 231 253 253 276 276 300 300 325 325 351 351 378 378 406 406 435 435 465 465 496 496 528 528 561 561 595 595 630 630 666 666 703 703 741 741 780 780 820 820 861 861 903 903 946 946 990 990 1035 1035 1081 1081 1128 1128 1176 1176 1225 1225 1275 1275 1326 1326 1378 1378 1431 1431 1485 1485 1540 1540 1596 1596 1653 1653 1711 1711 1770 1770 1830 1830 1891 1891 1953 1953 2...
Output
1975 1 1974 2 1973 3 1972 4 1971 5 1970 6 1969 7 1968 8 1967 9 1966 10 1965 11 1964 12 1963 13 1962 14 1961 15 1960 16 1959 17 1958 18 1957 19 1956 20 1955 21 1954 22 1953 23 1952 24 1951 25 1950 26 1949 27 1948 28 1947 29 1946 30 1945 31 1944 32 1943 33 1942 34 1941 35 1940 36 1939 37 1938 38 1937 39 1936 40 1935 41 1934 42 1933 43 1932 44 1931 45 1930 46 1929 47 1928 48 1927 49 1926 50 1925 51 1924 52 1923 53 1922 54 1921 55 1920 56 1919 57 1918 58 1917 59 1916 60 1915 61 1914 62 1913 63 1912 64 1911 65 ...
Answer
1975 1 1974 2 1973 3 1972 4 1971 5 1970 6 1969 7 1968 8 1967 9 1966 10 1965 11 1964 12 1963 13 1962 14 1961 15 1960 16 1959 17 1958 18 1957 19 1956 20 1955 21 1954 22 1953 23 1952 24 1951 25 1950 26 1949 27 1948 28 1947 29 1946 30 1945 31 1944 32 1943 33 1942 34 1941 35 1940 36 1939 37 1938 38 1937 39 1936 40 1935 41 1934 42 1933 43 1932 44 1931 45 1930 46 1929 47 1928 48 1927 49 1926 50 1925 51 1924 52 1923 53 1922 54 1921 55 1920 56 1919 57 1918 58 1917 59 1916 60 1915 61 1914 62 1913 63 1912 64 1911 65 ...
Checker Log
ok 1975 numbers
Test: #20, time: 30 ms., memory: 4 KB, exit code: 0, checker exit code: 0, verdict: OK
Input
399
0 1 3 6 10 15 21 28 36 45 55 66 78 91 105 120 136 153 171 190 210 231 253 276 300 325 351 378 406 435 465 496 528 561 595 630 666 703 741 780 820 861 903 946 990 1035 1081 1128 1176 1225 1275 1326 1378 1431 1485 1540 1596 1653 1711 1770 1830 1891 1953 2016 2080 2145 2211 2278 2346 2415 2485 2556 2628 2701 2775 2850 2926 3003 3081 3160 3240 3321 3403 3486 3570 3655 3741 3828 3916 4005 4095 4186 4278 4371 4465 4560 4656 4753 4851 4950 5050 5151 5253 5356 5460 5565 5671 5778 5886 5995 6105 6216 6328 6441...
Output
1 2 3 4 5 6 7 8 9 10 11 12 13 14 15 16 17 18 19 20 21 22 23 24 25 26 27 28 29 30 31 32 33 34 35 36 37 38 39 40 41 42 43 44 45 46 47 48 49 50 51 52 53 54 55 56 57 58 59 60 61 62 63 64 65 66 67 68 69 70 71 72 73 74 75 76 77 78 79 80 81 82 83 84 85 86 87 88 89 90 91 92 93 94 95 96 97 98 99 100 101 102 103 104 105 106 107 108 109 110 111 112 113 114 115 116 117 118 119 120 121 122 123 124 125 126 127 128 129 130 131 132 133 134 135 136 137 138 139 140 141 142 143 144 145 146 147 148 149 150 151 152 153 154 155...
Answer
1 2 3 4 5 6 7 8 9 10 11 12 13 14 15 16 17 18 19 20 21 22 23 24 25 26 27 28 29 30 31 32 33 34 35 36 37 38 39 40 41 42 43 44 45 46 47 48 49 50 51 52 53 54 55 56 57 58 59 60 61 62 63 64 65 66 67 68 69 70 71 72 73 74 75 76 77 78 79 80 81 82 83 84 85 86 87 88 89 90 91 92 93 94 95 96 97 98 99 100 101 102 103 104 105 106 107 108 109 110 111 112 113 114 115 116 117 118 119 120 121 122 123 124 125 126 127 128 129 130 131 132 133 134 135 136 137 138 139 140 141 142 143 144 145 146 147 148 149 150 151 152 153 154 155...
Checker Log
ok 399 numbers
Test: #21, time: 124 ms., memory: 2544 KB, exit code: 0, checker exit code: 0, verdict: OK
Input
129968
0 0 58813 0 61296 176111 110088 227862 2483 332083 233414 66848 355521 30662 467425 467425 968548 136133 285434 285434 635785 471059 59316 1111653 89741 858258 8035 1047917 1657632 18443 1899175 184906 469645 33759 201320 953273 2256087 2256087 2256087 2483 76625 76625 1967387 373016 2585631 11860 1320702 383337 47905 2622323 1290105 6308 185927 1680330 2719793 1323602 2152893 36548 363435 168404 991233 798285 1966884 95320 305062 3026515 2701350 904241 2555212 559375 0 947384 837271 4377394 474988...
Output
36186 22627 66023 2483 48792 108163 51751 98669 5552 106310 81476 40631 83250 28654 97593 90388 113255 48758 64605 54997 86226 72567 30425 103063 33255 88863 10408 95917 112972 15316 116755 39810 62320 16414 36973 84640 126536 123596 121473 3825 26463 23994 110692 43097 122305 10321 89578 42355 15911 120358 87899 3959 29538 92829 114157 87555 102840 11131 36975 27684 68093 55116 92715 20357 30483 110984 104660 59765 101065 41348 1795 55579 54408 122355 129778 19100 10927 60764 9367 123602 69377 71027 68089...
Answer
36186 22627 66023 2483 48792 108163 51751 98669 5552 106310 81476 40631 83250 28654 97593 90388 113255 48758 64605 54997 86226 72567 30425 103063 33255 88863 10408 95917 112972 15316 116755 39810 62320 16414 36973 84640 126536 123596 121473 3825 26463 23994 110692 43097 122305 10321 89578 42355 15911 120358 87899 3959 29538 92829 114157 87555 102840 11131 36975 27684 68093 55116 92715 20357 30483 110984 104660 59765 101065 41348 1795 55579 54408 122355 129778 19100 10927 60764 9367 123602 69377 71027 68089...
Checker Log
ok 129968 numbers
Test: #22, time: 108 ms., memory: 3212 KB, exit code: 0, checker exit code: 0, verdict: OK
Input
164235
0 1 3 6 10 15 21 28 36 45 55 66 78 91 105 120 136 153 171 190 210 231 253 276 300 325 351 378 406 435 465 496 528 561 595 630 666 703 741 780 820 861 903 946 990 1035 1081 1128 1176 1225 1275 1326 1378 1431 1485 1540 1596 1653 1711 1770 1830 1891 1953 2016 2080 2145 2211 2278 2346 2415 2485 2556 2628 2701 2775 2850 2926 3003 3081 3160 3240 3321 3403 3486 3570 3655 3741 3828 3916 4005 4095 4186 4278 4371 4465 4560 4656 4753 4851 4950 5050 5151 5253 5356 5460 5565 5671 5778 5886 5995 6105 6216 6328 6...
Output
1 2 3 4 5 6 7 8 9 10 11 12 13 14 15 16 17 18 19 20 21 22 23 24 25 26 27 28 29 30 31 32 33 34 35 36 37 38 39 40 41 42 43 44 45 46 47 48 49 50 51 52 53 54 55 56 57 58 59 60 61 62 63 64 65 66 67 68 69 70 71 72 73 74 75 76 77 78 79 80 81 82 83 84 85 86 87 88 89 90 91 92 93 94 95 96 97 98 99 100 101 102 103 104 105 106 107 108 109 110 111 112 113 114 115 116 117 118 119 120 121 122 123 124 125 126 127 128 129 130 131 132 133 134 135 136 137 138 139 140 141 142 143 144 145 146 147 148 149 150 151 152 153 154 155...
Answer
1 2 3 4 5 6 7 8 9 10 11 12 13 14 15 16 17 18 19 20 21 22 23 24 25 26 27 28 29 30 31 32 33 34 35 36 37 38 39 40 41 42 43 44 45 46 47 48 49 50 51 52 53 54 55 56 57 58 59 60 61 62 63 64 65 66 67 68 69 70 71 72 73 74 75 76 77 78 79 80 81 82 83 84 85 86 87 88 89 90 91 92 93 94 95 96 97 98 99 100 101 102 103 104 105 106 107 108 109 110 111 112 113 114 115 116 117 118 119 120 121 122 123 124 125 126 127 128 129 130 131 132 133 134 135 136 137 138 139 140 141 142 143 144 145 146 147 148 149 150 151 152 153 154 155...
Checker Log
ok 164235 numbers
Test: #23, time: 109 ms., memory: 3884 KB, exit code: 0, checker exit code: 0, verdict: OK
Input
198503
0 0 0 0 0 0 0 0 0 0 0 0 0 0 0 0 0 0 0 0 0 0 0 0 0 0 0 0 0 0 0 0 0 0 0 0 0 0 0 0 0 0 0 0 0 0 0 0 0 0 0 0 0 0 0 0 0 0 0 0 0 0 0 0 0 0 0 0 0 0 0 0 0 0 0 0 0 0 0 0 0 0 0 0 0 0 0 0 0 0 0 0 0 0 0 0 0 0 0 0 0 0 0 0 0 0 0 0 0 0 0 0 0 0 0 0 0 0 0 0 0 0 0 0 0 0 0 0 0 0 0 0 0 0 0 0 0 0 0 0 0 0 0 0 0 0 0 0 0 0 0 0 0 0 0 0 0 0 0 0 0 0 0 0 0 0 0 0 0 0 0 0 0 0 0 0 0 0 0 0 0 0 0 0 0 0 0 0 0 0 0 0 0 0 0 0 0 0 0 0 0 0 0 0 0 0 0 0 0 0 0 0 0 0 0 0 0 0 0 0 0 0 0 0 0 0 0 0 0 0 0 0 0 0 0 0 0 0 0 0 0 0 0 0 0 0 0 0 0 0 0 0...
Output
198503 198502 198501 198500 198499 198498 198497 198496 198495 198494 198493 198492 198491 198490 198489 198488 198487 198486 198485 198484 198483 198482 198481 198480 198479 198478 198477 198476 198475 198474 198473 198472 198471 198470 198469 198468 198467 198466 198465 198464 198463 198462 198461 198460 198459 198458 198457 198456 198455 198454 198453 198452 198451 198450 198449 198448 198447 198446 198445 198444 198443 198442 198441 198440 198439 198438 198437 198436 198435 198434 198433 198432 198431 ...
Answer
198503 198502 198501 198500 198499 198498 198497 198496 198495 198494 198493 198492 198491 198490 198489 198488 198487 198486 198485 198484 198483 198482 198481 198480 198479 198478 198477 198476 198475 198474 198473 198472 198471 198470 198469 198468 198467 198466 198465 198464 198463 198462 198461 198460 198459 198458 198457 198456 198455 198454 198453 198452 198451 198450 198449 198448 198447 198446 198445 198444 198443 198442 198441 198440 198439 198438 198437 198436 198435 198434 198433 198432 198431 ...
Checker Log
ok 198503 numbers
Test: #24, time: 93 ms., memory: 2124 KB, exit code: 0, checker exit code: 0, verdict: OK
Input
108422
0 1 3 6 10 10 10 10 10 10 10 10 10 10 10 10 10 10 10 10 10 10 10 10 10 10 10 10 10 10 10 10 10 10 10 10 10 10 10 10 10 10 10 10 10 10 10 10 10 10 10 10 10 10 10 10 10 10 10 10 10 10 10 10 10 10 10 10 10 10 10 10 10 10 10 10 10 10 10 10 10 10 10 10 10 10 10 10 10 10 10 10 10 10 4465 4560 4656 4753 4851 4950 5050 5151 5253 5356 5460 5565 5671 5778 5886 5995 6105 6216 6328 6441 6555 6670 6786 6903 7021 7140 7260 7381 7503 7626 7750 7875 8001 8128 8256 8385 8515 8646 8778 8911 9045 9180 9316 9453 9591 ...
Output
1 2 3 4 94 93 92 91 90 89 88 87 86 85 84 83 82 81 80 79 78 77 76 75 74 73 72 71 70 69 68 67 66 65 64 63 62 61 60 59 58 57 56 55 54 53 52 51 50 49 48 47 46 45 44 43 42 41 40 39 38 37 36 35 34 33 32 31 30 29 28 27 26 25 24 23 22 21 20 19 18 17 16 15 14 13 12 11 10 9 8 7 6 5 95 96 97 98 99 100 101 102 103 104 105 106 107 108 109 110 111 112 113 114 115 116 117 118 119 120 121 122 123 124 125 126 127 128 129 130 131 132 133 134 135 136 137 138 139 140 141 142 143 144 145 146 147 148 149 150 151 152 153 154 155...
Answer
1 2 3 4 94 93 92 91 90 89 88 87 86 85 84 83 82 81 80 79 78 77 76 75 74 73 72 71 70 69 68 67 66 65 64 63 62 61 60 59 58 57 56 55 54 53 52 51 50 49 48 47 46 45 44 43 42 41 40 39 38 37 36 35 34 33 32 31 30 29 28 27 26 25 24 23 22 21 20 19 18 17 16 15 14 13 12 11 10 9 8 7 6 5 95 96 97 98 99 100 101 102 103 104 105 106 107 108 109 110 111 112 113 114 115 116 117 118 119 120 121 122 123 124 125 126 127 128 129 130 131 132 133 134 135 136 137 138 139 140 141 142 143 144 145 146 147 148 149 150 151 152 153 154 155...
Checker Log
ok 108422 numbers
Test: #25, time: 109 ms., memory: 2788 KB, exit code: 0, checker exit code: 0, verdict: OK
Input
142689
0 0 1 1 3 3 6 6 10 10 15 15 21 21 28 28 36 36 45 45 55 55 66 66 78 78 91 91 105 105 120 120 136 136 153 153 171 171 190 190 210 210 231 231 253 253 276 276 300 300 325 325 351 351 378 378 406 406 435 435 465 465 496 496 528 528 561 561 595 595 630 630 666 666 703 703 741 741 780 780 820 820 861 861 903 903 946 946 990 990 1035 1035 1081 1081 1128 1128 1176 1176 1225 1225 1275 1275 1326 1326 1378 1378 1431 1431 1485 1485 1540 1540 1596 1596 1653 1653 1711 1711 1770 1770 1830 1830 1891 1891 1953 1953...
Output
142689 1 142688 2 142687 3 142686 4 142685 5 142684 6 142683 7 142682 8 142681 9 142680 10 142679 11 142678 12 142677 13 142676 14 142675 15 142674 16 142673 17 142672 18 142671 19 142670 20 142669 21 142668 22 142667 23 142666 24 142665 25 142664 26 142663 27 142662 28 142661 29 142660 30 142659 31 142658 32 142657 33 142656 34 142655 35 142654 36 142653 37 142652 38 142651 39 142650 40 142649 41 142648 42 142647 43 142646 44 142645 45 142644 46 142643 47 142642 48 142641 49 142640 50 142639 51 142638 52 ...
Answer
142689 1 142688 2 142687 3 142686 4 142685 5 142684 6 142683 7 142682 8 142681 9 142680 10 142679 11 142678 12 142677 13 142676 14 142675 15 142674 16 142673 17 142672 18 142671 19 142670 20 142669 21 142668 22 142667 23 142666 24 142665 25 142664 26 142663 27 142662 28 142661 29 142660 30 142659 31 142658 32 142657 33 142656 34 142655 35 142654 36 142653 37 142652 38 142651 39 142650 40 142649 41 142648 42 142647 43 142646 44 142645 45 142644 46 142643 47 142642 48 142641 49 142640 50 142639 51 142638 52 ...
Checker Log
ok 142689 numbers
Test: #26, time: 124 ms., memory: 3464 KB, exit code: 0, checker exit code: 0, verdict: OK
Input
176956
0 1 3 6 10 15 21 28 36 45 55 66 78 91 105 120 136 153 171 190 210 231 253 276 300 325 351 378 406 435 465 496 528 561 595 630 666 703 741 780 820 861 903 946 990 1035 1081 1128 1176 1225 1275 1326 1378 1431 1485 1540 1596 1653 1711 1770 1830 1891 1953 2016 2080 2145 2211 2278 2346 2415 2485 2556 2628 2701 2775 2850 2926 3003 3081 3160 3240 3321 3403 3486 3570 3655 3741 3828 3916 4005 4095 4186 4278 4371 4465 4560 4656 4753 4851 4950 5050 5151 5253 5356 5460 5565 5671 5778 5886 5995 6105 6216 6328 6...
Output
1 2 3 4 5 6 7 8 9 10 11 12 13 14 15 16 17 18 19 20 21 22 23 24 25 26 27 28 29 30 31 32 33 34 35 36 37 38 39 40 41 42 43 44 45 46 47 48 49 50 51 52 53 54 55 56 57 58 59 60 61 62 63 64 65 66 67 68 69 70 71 72 73 74 75 76 77 78 79 80 81 82 83 84 85 86 87 88 89 90 91 92 93 94 95 96 97 98 99 100 101 102 103 104 105 106 107 108 109 110 111 112 113 114 115 116 117 118 119 120 121 122 123 124 125 126 127 128 129 130 131 132 133 134 135 136 137 138 139 140 141 142 143 144 145 146 147 148 149 150 151 152 153 154 155...
Answer
1 2 3 4 5 6 7 8 9 10 11 12 13 14 15 16 17 18 19 20 21 22 23 24 25 26 27 28 29 30 31 32 33 34 35 36 37 38 39 40 41 42 43 44 45 46 47 48 49 50 51 52 53 54 55 56 57 58 59 60 61 62 63 64 65 66 67 68 69 70 71 72 73 74 75 76 77 78 79 80 81 82 83 84 85 86 87 88 89 90 91 92 93 94 95 96 97 98 99 100 101 102 103 104 105 106 107 108 109 110 111 112 113 114 115 116 117 118 119 120 121 122 123 124 125 126 127 128 129 130 131 132 133 134 135 136 137 138 139 140 141 142 143 144 145 146 147 148 149 150 151 152 153 154 155...
Checker Log
ok 176956 numbers
Test: #27, time: 46 ms., memory: 928 KB, exit code: 0, checker exit code: 0, verdict: OK
Input
46718
0 0 0 0 62014 13585 111685 47328 27879 197312 89990 0 2894 87 153628 75804 176839 37261 87 13384 63404 365894 46232 31938 13384 202945 281150 413773 452290 252170 653971 339410 6009 18972 169175 130632 303545 149124 95355 314262 64487 404566 92639 706407 746366 141459 87 11737 199646 575176 544395 47631 818877 780360 1103438 934097 554890 80726 432154 47631 6149 604965 149122 803031 485700 536103 643133 365067 1314000 1072235 1570692 365067 105774 10933 151900 65398 1586261 119703 1553437 683206 173...
Output
28980 19449 10778 2807 35377 14294 42965 23568 19094 46180 25276 87 7375 1920 33894 23211 32571 17172 1195 7776 18105 43588 16574 11822 7718 23949 30781 38517 41469 27479 46701 31962 5588 7421 19874 18492 26292 18943 17050 24878 13858 27084 15196 39959 41319 17166 140 5604 18180 31301 29584 10495 39685 35576 45378 40816 29393 12375 25027 7889 4784 29199 15846 32334 25127 26175 27817 20333 42592 35989 46654 20022 12880 5094 14918 8835 45767 12554 45107 26818 14515 43599 23182 11070 33032 16135 44780 37265 4...
Answer
28980 19449 10778 2807 35377 14294 42965 23568 19094 46180 25276 87 7375 1920 33894 23211 32571 17172 1195 7776 18105 43588 16574 11822 7718 23949 30781 38517 41469 27479 46701 31962 5588 7421 19874 18492 26292 18943 17050 24878 13858 27084 15196 39959 41319 17166 140 5604 18180 31301 29584 10495 39685 35576 45378 40816 29393 12375 25027 7889 4784 29199 15846 32334 25127 26175 27817 20333 42592 35989 46654 20022 12880 5094 14918 8835 45767 12554 45107 26818 14515 43599 23182 11070 33032 16135 44780 37265 4...
Checker Log
ok 46718 numbers
Test: #28, time: 30 ms., memory: 544 KB, exit code: 0, checker exit code: 0, verdict: OK
Input
27154
0 1 3 6 10 15 21 28 36 45 55 66 78 91 105 120 136 153 171 190 210 231 253 276 300 325 351 378 406 435 465 496 528 561 595 630 666 703 741 780 820 861 903 946 990 1035 1081 1128 1176 1225 1275 1326 1378 1431 1485 1540 1596 1653 1711 1770 1830 1891 1953 2016 2080 2145 2211 2278 2346 2415 2485 2556 2628 2701 2775 2850 2926 3003 3081 3160 3240 3321 3403 3486 3570 3655 3741 3828 3916 4005 4095 4186 4278 4371 4465 4560 4656 4753 4851 4950 5050 5151 5253 5356 5460 5565 5671 5778 5886 5995 6105 6216 6328 64...
Output
1 2 3 4 5 6 7 8 9 10 11 12 13 14 15 16 17 18 19 20 21 22 23 24 25 26 27 28 29 30 31 32 33 34 35 36 37 38 39 40 41 42 43 44 45 46 47 48 49 50 51 52 53 54 55 56 57 58 59 60 61 62 63 64 65 66 67 68 69 70 71 72 73 74 75 76 77 78 79 80 81 82 83 84 85 86 87 88 89 90 91 92 93 94 95 96 97 98 99 100 101 102 103 104 105 106 107 108 109 110 111 112 113 114 115 116 117 118 119 120 121 122 123 124 125 126 127 128 129 130 131 132 133 134 135 136 137 138 139 140 141 142 143 144 145 146 147 148 149 150 151 152 153 154 155...
Answer
1 2 3 4 5 6 7 8 9 10 11 12 13 14 15 16 17 18 19 20 21 22 23 24 25 26 27 28 29 30 31 32 33 34 35 36 37 38 39 40 41 42 43 44 45 46 47 48 49 50 51 52 53 54 55 56 57 58 59 60 61 62 63 64 65 66 67 68 69 70 71 72 73 74 75 76 77 78 79 80 81 82 83 84 85 86 87 88 89 90 91 92 93 94 95 96 97 98 99 100 101 102 103 104 105 106 107 108 109 110 111 112 113 114 115 116 117 118 119 120 121 122 123 124 125 126 127 128 129 130 131 132 133 134 135 136 137 138 139 140 141 142 143 144 145 146 147 148 149 150 151 152 153 154 155...
Checker Log
ok 27154 numbers
Test: #29, time: 31 ms., memory: 936 KB, exit code: 0, checker exit code: 0, verdict: OK
Input
47440
0 0 0 0 0 0 0 0 0 0 0 0 0 0 0 0 0 0 0 0 0 0 0 0 0 0 0 0 0 0 0 0 0 0 0 0 0 0 0 0 0 0 0 0 0 0 0 0 0 0 0 0 0 0 0 0 0 0 0 0 0 0 0 0 0 0 0 0 0 0 0 0 0 0 0 0 0 0 0 0 0 0 0 0 0 0 0 0 0 0 0 0 0 0 0 0 0 0 0 0 0 0 0 0 0 0 0 0 0 0 0 0 0 0 0 0 0 0 0 0 0 0 0 0 0 0 0 0 0 0 0 0 0 0 0 0 0 0 0 0 0 0 0 0 0 0 0 0 0 0 0 0 0 0 0 0 0 0 0 0 0 0 0 0 0 0 0 0 0 0 0 0 0 0 0 0 0 0 0 0 0 0 0 0 0 0 0 0 0 0 0 0 0 0 0 0 0 0 0 0 0 0 0 0 0 0 0 0 0 0 0 0 0 0 0 0 0 0 0 0 0 0 0 0 0 0 0 0 0 0 0 0 0 0 0 0 0 0 0 0 0 0 0 0 0 0 0 0 0 0 0 0 ...
Output
47440 47439 47438 47437 47436 47435 47434 47433 47432 47431 47430 47429 47428 47427 47426 47425 47424 47423 47422 47421 47420 47419 47418 47417 47416 47415 47414 47413 47412 47411 47410 47409 47408 47407 47406 47405 47404 47403 47402 47401 47400 47399 47398 47397 47396 47395 47394 47393 47392 47391 47390 47389 47388 47387 47386 47385 47384 47383 47382 47381 47380 47379 47378 47377 47376 47375 47374 47373 47372 47371 47370 47369 47368 47367 47366 47365 47364 47363 47362 47361 47360 47359 47358 47357 47356 4...
Answer
47440 47439 47438 47437 47436 47435 47434 47433 47432 47431 47430 47429 47428 47427 47426 47425 47424 47423 47422 47421 47420 47419 47418 47417 47416 47415 47414 47413 47412 47411 47410 47409 47408 47407 47406 47405 47404 47403 47402 47401 47400 47399 47398 47397 47396 47395 47394 47393 47392 47391 47390 47389 47388 47387 47386 47385 47384 47383 47382 47381 47380 47379 47378 47377 47376 47375 47374 47373 47372 47371 47370 47369 47368 47367 47366 47365 47364 47363 47362 47361 47360 47359 47358 47357 47356 4...
Checker Log
ok 47440 numbers
Test: #30, time: 31 ms., memory: 552 KB, exit code: 0, checker exit code: 0, verdict: OK
Input
27876
0 1 3 6 10 15 15 15 36 45 55 66 78 91 105 120 136 153 171 190 190 231 253 253 300 325 351 378 378 378 378 378 378 378 378 630 666 703 741 780 820 820 820 946 990 990 990 990 990 990 990 1326 1378 1378 1378 1378 1378 1653 1711 1770 1830 1891 1953 2016 2016 2016 2211 2278 2278 2278 2278 2278 2628 2701 2775 2850 2926 3003 3081 3160 3240 3240 3240 3240 3240 3240 3741 3828 3916 4005 4095 4186 4278 4371 4465 4560 4656 4753 4851 4851 5050 5151 5151 5356 5460 5565 5565 5778 5886 5995 6105 6216 6328 6441 655...
Output
1 2 3 4 5 8 7 6 9 10 11 12 13 14 15 16 17 18 19 21 20 22 24 23 25 26 27 35 34 33 32 31 30 29 28 36 37 38 39 40 43 42 41 44 51 50 49 48 47 46 45 52 57 56 55 54 53 58 59 60 61 62 63 66 65 64 67 72 71 70 69 68 73 74 75 76 77 78 79 80 86 85 84 83 82 81 87 88 89 90 91 92 93 94 95 96 97 98 100 99 101 103 102 104 105 107 106 108 109 110 111 112 113 114 115 116 117 118 121 120 119 122 127 126 125 124 123 128 129 130 131 132 133 135 134 136 139 138 137 140 141 142 143 144 145 146 149 148 147 150 152 151 153 154 155...
Answer
1 2 3 4 5 8 7 6 9 10 11 12 13 14 15 16 17 18 19 21 20 22 24 23 25 26 27 35 34 33 32 31 30 29 28 36 37 38 39 40 43 42 41 44 51 50 49 48 47 46 45 52 57 56 55 54 53 58 59 60 61 62 63 66 65 64 67 72 71 70 69 68 73 74 75 76 77 78 79 80 86 85 84 83 82 81 87 88 89 90 91 92 93 94 95 96 97 98 100 99 101 103 102 104 105 107 106 108 109 110 111 112 113 114 115 116 117 118 121 120 119 122 127 126 125 124 123 128 129 130 131 132 133 135 134 136 139 138 137 140 141 142 143 144 145 146 149 148 147 150 152 151 153 154 155...
Checker Log
ok 27876 numbers
Test: #31, time: 31 ms., memory: 564 KB, exit code: 0, checker exit code: 0, verdict: OK
Input
28237
0 0 1 1 3 3 6 6 10 10 15 15 21 21 28 28 36 36 45 45 55 55 66 66 78 78 91 91 105 105 120 120 136 136 153 153 171 171 190 190 210 210 231 231 253 253 276 276 300 300 325 325 351 351 378 378 406 406 435 435 465 465 496 496 528 528 561 561 595 595 630 630 666 666 703 703 741 741 780 780 820 820 861 861 903 903 946 946 990 990 1035 1035 1081 1081 1128 1128 1176 1176 1225 1225 1275 1275 1326 1326 1378 1378 1431 1431 1485 1485 1540 1540 1596 1596 1653 1653 1711 1711 1770 1770 1830 1830 1891 1891 1953 1953 ...
Output
28237 1 28236 2 28235 3 28234 4 28233 5 28232 6 28231 7 28230 8 28229 9 28228 10 28227 11 28226 12 28225 13 28224 14 28223 15 28222 16 28221 17 28220 18 28219 19 28218 20 28217 21 28216 22 28215 23 28214 24 28213 25 28212 26 28211 27 28210 28 28209 29 28208 30 28207 31 28206 32 28205 33 28204 34 28203 35 28202 36 28201 37 28200 38 28199 39 28198 40 28197 41 28196 42 28195 43 28194 44 28193 45 28192 46 28191 47 28190 48 28189 49 28188 50 28187 51 28186 52 28185 53 28184 54 28183 55 28182 56 28181 57 28180 5...
Answer
28237 1 28236 2 28235 3 28234 4 28233 5 28232 6 28231 7 28230 8 28229 9 28228 10 28227 11 28226 12 28225 13 28224 14 28223 15 28222 16 28221 17 28220 18 28219 19 28218 20 28217 21 28216 22 28215 23 28214 24 28213 25 28212 26 28211 27 28210 28 28209 29 28208 30 28207 31 28206 32 28205 33 28204 34 28203 35 28202 36 28201 37 28200 38 28199 39 28198 40 28197 41 28196 42 28195 43 28194 44 28193 45 28192 46 28191 47 28190 48 28189 49 28188 50 28187 51 28186 52 28185 53 28184 54 28183 55 28182 56 28181 57 28180 5...
Checker Log
ok 28237 numbers
Test: #32, time: 46 ms., memory: 960 KB, exit code: 0, checker exit code: 0, verdict: OK
Input
48674
0 1 3 6 10 15 21 28 36 45 55 66 78 91 105 120 136 153 171 190 210 231 253 276 300 325 351 378 406 435 465 496 528 561 595 630 666 703 741 780 820 861 903 946 990 1035 1081 1128 1176 1225 1275 1326 1378 1431 1485 1540 1596 1653 1711 1770 1830 1891 1953 2016 2080 2145 2211 2278 2346 2415 2485 2556 2628 2701 2775 2850 2926 3003 3081 3160 3240 3321 3403 3486 3570 3655 3741 3828 3916 4005 4095 4186 4278 4371 4465 4560 4656 4753 4851 4950 5050 5151 5253 5356 5460 5565 5671 5778 5886 5995 6105 6216 6328 64...
Output
1 2 3 4 5 6 7 8 9 10 11 12 13 14 15 16 17 18 19 20 21 22 23 24 25 26 27 28 29 30 31 32 33 34 35 36 37 38 39 40 41 42 43 44 45 46 47 48 49 50 51 52 53 54 55 56 57 58 59 60 61 62 63 64 65 66 67 68 69 70 71 72 73 74 75 76 77 78 79 80 81 82 83 84 85 86 87 88 89 90 91 92 93 94 95 96 97 98 99 100 101 102 103 104 105 106 107 108 109 110 111 112 113 114 115 116 117 118 119 120 121 122 123 124 125 126 127 128 129 130 131 132 133 134 135 136 137 138 139 140 141 142 143 144 145 146 147 148 149 150 151 152 153 154 155...
Answer
1 2 3 4 5 6 7 8 9 10 11 12 13 14 15 16 17 18 19 20 21 22 23 24 25 26 27 28 29 30 31 32 33 34 35 36 37 38 39 40 41 42 43 44 45 46 47 48 49 50 51 52 53 54 55 56 57 58 59 60 61 62 63 64 65 66 67 68 69 70 71 72 73 74 75 76 77 78 79 80 81 82 83 84 85 86 87 88 89 90 91 92 93 94 95 96 97 98 99 100 101 102 103 104 105 106 107 108 109 110 111 112 113 114 115 116 117 118 119 120 121 122 123 124 125 126 127 128 129 130 131 132 133 134 135 136 137 138 139 140 141 142 143 144 145 146 147 148 149 150 151 152 153 154 155...
Checker Log
ok 48674 numbers